110
418
129
844
33
297
390
989
375
610
713
740
511
637
952
247
265
328
198
241
176
439
582
989
305
802
331
816
263
289
722
802
774
832
715
688
295
853
823
881
415
400
414
589
660
874
527
734
751
995
403
570
563
886
228
847
433
575
899
821
266
747
250
830
247
307
618
212
28
129
257
653
793
653
411
90
646
747
594
692
571
386
522
364
295
432
148
775
517
754
112
378
749
433
477
139
215
684
705
966
388
700
238
988
147
933
363
900
795
759
745
790
106
306
130
601
734
854
741
306
776
336
443
163
145
81
153
248
77
607
736
847
365
604
88
921
445
953
192
531
686
995
283
289
493
459
597
530
621
473
872
366
865
454
575
863
72
727
851
314
159
859
814
989
984
892
996
891
580
501
282
894
537
54
557
776
616
398
833
512
583
252
739
21
118
779
881
99
948
445
491
275
205
672
839
138
269
265
170
379
744
773
986
952
58
60
705
99
513
51
42
988
851
557
749
804
98
766
924
966
951
198
779
514
358
113
340
53
998
88
143
688
629
957
126
880
421
861
664
478
54
347
422
617
341
741
466
190
340
956
169
549
808
997
144
529
357
97
942
464
713
664
175
168
290
358
503
342
170
756
320
428
141
221
45
735
328
599
307
555
743
422
84
641
291
125
947
933
811
83
667
690
789
672
649
832
666
431
983
328
972
494
431
672
682
721
443
991
182
413
310
837
97
229
61
369
641
891
404
519
71
508
432
762
382
297
33
510
937
435
415
950
972
648
481
915
221
224
915
533
119
570
567
163
257
39
195
204
98
569
590
582
732
644
728
182
560
913
797
305
987
821
756
977
310
807
140
440
262
34
133
821
724
778
188
313
174
273
917
616
947
183
430
81
770
675
517
560
817
971
540
322
151
965
791
714
216
730
197
35
574
636
540
725
823
505
401
48
178
217
422
642
401
753
417
787
769
932
315
655
938
335
590
628
552
129
353
676
191
648
82
157
433
506
909
950
567
654
867
460
216
914
333
839
68
805
115
161
226
465
586
872
142
260
617
447
709
686
770
549
461
350
732
531
48
478
561
543
710
758
897
713
295
73
125
129
174
335
889
616
234
146
379
235
38
343
629
627
531
134
445
451
470
433
779
630
465
250
352
553
366
75
903
938
345
906
464
559
145
973
555
494
916
200
424
689
741
282
982
257
54
682
953
993
520
495
633
848
777
245
602
708
768
608
87
783
861
648
681
996
809
803
109
349
408
851
973
522
992
312
907
45
10
630
259
767
572
345
206
769
471
828
203
329
714
701
392
897
654
925
655
630
269
627
142
33
201
543
91
326
253
637
40
287
788
929
83
497
760
775
472
391
933
433
530
145
782
649
319
932
31
344
823
897
667
185
513
279
108
525
318
933
778
164
13
725
360
459
673
763
574
946
840
893
430
789
299
404
908
436
680
250
356
569
632
808
104
311
544
121
835
675
839
162
489
748
945
348
450
443
22
419
175
141
435
281
91
822
216
990
204
646
711
963
277
682
394
383
256
67
674
14
565
298
79
788
10
912
459
223
923
589
860
100
570
458
667
109
545
950
462
403
653
843
644
329
101
786
168
582
504
30
219
182
348
636
281
526
170
179
243
867
637
611
919
453
418
815
453
311
113
763
29
812
604
507
864
851
778
991
254
734
760
390
468
987
221
708
192
647
765
595
991
798
417
468
964
275
810
148
828
420
357
659
314
911
599
651
319
967
198
662
800
433
921
631
330
998
398
795
877
670
373
146
111
114
428
970
678
838
685
852
143
366
298
534
340
28
953
819
780
580
120
531
210
909
162
330
866
574
814
971
664
882
386
167
978
311
173
350
765
344
15
295
775
860
456
120
236
159
336
190
840
164
913
128
483
573
535
551
778
189
84
359
974
740
11
203
627
602
983
646
323
294
177
618
279
146
623
826
537
795
680
309
997
64
504
712
117
290
672
997
401
565
901
186
461
775
658
583
141
288
722
460
663
362
14
802
336
550
140
586
133
615
210
644
221
798
946
274
633
137
273
724
533
986
340
130
920
858
195
297
527
630
912
286
956
534
666
269
224
962
912
723
425
63
403
601
684
751
922
637
204
383
865
608
483
389
722
844
408
579
190
94
329
171
926
674
187
991
994
983
417
496
36
125
46
519
650
272
408
109
72
467
572
584
769
960
57
510
170
149
704
483
328
930
510
673
425
816
499
112
305
390
518
487
915
722
407
889
924
492
758
70
695
512
274
294
317
75
795
636
50
541
602
546
956
369
469
646
531
179
242
661
238
349
629
195
84
245
346
712
424
570
868
767
663
676
456
55
393
226
225
38
106
501
782
750
598
19
394
421
629
660
425
433
425
268
989
379
937
650
454
177
669
806
355
130
80
913
89
495
366
431
474
822
937
460
416
88
254
737
511
110
411
167
612
452
995
279
330
481
489
482
625
604
327
556
252
651
963
856
645
246
599
334
744
997
949
178
98
310
243
536
866
123
483
76
550
466
289
756
62
998
724
872
937
95
913
590
861
650
989
538
294
502
426
85
331
29
871
952
321
787
96
788
43
706
854
413
983
975
601
765
301
188
359
951
981
307
785
528
970
626
611
590
488
941
417
978
415
825
690
548
87
31
697
670
762
234
839
807
26
758
373
829
592
281
92
309
297
612
659
364
850
206
722
444
273
640
138
672
475
252
735
991
601
144
404
729
586
478
928
188
709
761
976
848
239
633
169
974
594
659
955
371
289
854
517
954
806
601
36
778
790
672
824
370
976
292
599
869
311
385
260
669
211
160
815
723
284
533
409
921
536
960
817
560
44
451
948
874
771
65
567
988
38
864
914
97
465
22
804
186
128
824
710
239
685
206
381
359
215
240
280
330
437
632
166
855
467
970
652
913
86
81
396
189
716
900
456
289
961
33
826
162
414
843
197
685
806
909
761
535
280
194
998
347
865
206
484
212
642
342
539
863
763
615
390
521
747
106
999
905
570
102
278
587
651
523
442
47
102
273
345
143
271
944
513
728
292
108
209
765
436
655
991
551
810
721
282
210
871
769
243
728
972
932
869
542
63
698
552
438
235
349
63
437
136
390
330
153
134
980
919
955
249
319
13
202
943
822
631
452
543
246
361
53
643
484
874
702
527
719
155
592
666
439
670
254
41
95
296
591
564
687
262
179
299
910
98
872
614
307
752
791
896
846
722
927
167
350
944
778
883
842
958
694
348
179
177
349
666
822
398
142
779
511
295
512
766
710
193
80
711
754
759
650
789
221
687
564
144
789
570
452
459
89
528
292
407
977
372
617
316
739
548
713
507
505
318
888
789
316
788
495
723
174
892
720
131
648
74
526
895
889
225
441
36
337
929
373
343
38
944
930
489
274
384
849
177
108
308
226
413
960
995
316
373
418
669
467
162
937
560
47
538
725
383
295
215
215
852
572
669
654
968
61
129
607
597
476
88
183
828
521
831
375
297
904
898
668
223
27
593
40
843
574
208
748
87
252
770
566
46
300
572
645
294
895
598
38
319
590
804
263
978
635
461
94
291
722
39
976
222
947
810
625
295
824
559
779
90
265
175
658
671
781
601
51
328
560
82
825
684
548
238
322
753
424
499
140
761
550
515
25
897
872
211
921
336
420
657
369
171
829
111
810
358
106
818
657
200
814
776
296
573
949
261
379
356
173
241
857
201
165
789
522
889
387
609
105
301
907
240
815
702
836
753
29
358
274
591
116
183
883
729
46
223
290
690
834
755
813
272
499
11
522
486
389
320
607
607
382
97
956
658
538
274
308
498
14
167
300
255
826
181
596
443
287
376
162
276
651
971
741
927
978
426
265
618
215
525
345
405
860
72
391
39
960
930
153
913
668
378
147
150
19
462
734
177
335
83
170
494
95
412
211
25
706
514
571
794
804
542
257
24
226
638
503
718
670
159
221
137
29
960
626
725
714
28
319
499
321
752
776
110
428
469
29
243
95
687
795
602
427
821
56
370
715
50
880
593
139
977
759
574
29
747
398
879
973
837
423
234
479
411
480
233
861
97
862
638
520
755
313
936
394
20
209
407
185
241
419
693
289
172
837
807
277
307
63
635
30
711
518
25
374
996
87
366
998
281
622
849
378
41
864
238
358
516
966
855
254
403
919
999
834
745
595
438
74
805
979
786
998
497
854
222
853
375
878
846
153
291
210
93
404
501
847
230
434
692
613
916
434
216
145
68
189
334
313
595
88
579
29
909
374
612
974
956
667
292
231
715
317
953
867
582
169
580
213
337
718
892
298
135
871
475
998
921
724
210
714
169
751
255
303
602
253
790
440
523
524
790
660
217
745
859
218
67
314
519
842
600
742
121
745
175
720
32
232
753
469
236
799
619
427
208
515
101
334
164
473
90
407
175
103
674
251
846
597
364
709
532
439
563
54
96
929
362
851
301
786
78
118
829
126
210
412
361
724
141
110
520
577
257
216
113
293
192
272
411
933
358
107
601
563
433
785
649
716
60
143
277
847
588
306
223
625
984
370
915
890
729
654
540
807
22
403
905
733
766
346
263
473
968
946
365
200
737
815
126
916
102
934
816
277
647
143
559
687
666
689
557
50
199
698
538
277
467
65
426
805
64
332
869
760
430
811
15
235
721
155
527
373
464
224
890
951
211
500
61
665
853
110
135
525
298
394
222
895
228
774
34
803
464
834
581
140
185
995
748
897
828
320
116
219
824
892
650
730
154
602
545
360
801
845
488
592
812
933
503
330
336
40
546
463
436
130
610
651
312
31
872
226
465
205
395
116
944
579
612
658
320
34
62
93
724
807
991
912
56
23
739
383
498
837
173
290
581
452
726
686
16
989
424
520
510
934
721
721
153
74
923
747
99
792
45
855
750
412
116
406
805
791
136
390
819
73
291
638
288
534
203
441
872
37
538
670
667
435
225
125
450
496
34
195
869
951
254
449
992
86
449
595
741
708
777
205
346
689
157
362
58
990
575
576
431
335
58
295
130
366
537
40
372
575
562
518
189
267
342
702
109
718
267
929
515
847
264
608
599
398
410
524
975
645
172
148
423
465
643
465
630
542
601
527
88
649
993
749
293
564
451
379
928
800
541
311
415
232
517
768
884
620
384
752
351
926
450
701
840
796
833
470
485
665
179
822
686
392
923
468
31
653
445
133
344
39
948
685
428
73
151
665
562
826
188
353
982
174
773
925
602
26
406
550
922
481
374
947
605
989
722
933
618
708
156
88
24
61
350
355
228
214
691
285
125
899
286
104
456
988
287
749
155
125
461
908
594
579
13
736
590
726
608
411
691
947
339
734
158
334
767
293
417
846
273
541
678
769
439
850
47
266
492
831
566
33
220
878
613
894
733
294
16
299
660
987
235
361
881
436
686
791
121
184
905
490
488
86
837
959
211
588
211
959
229
354
748
736
68
394
394
559
202
65
738
878
517
715
997
419
209
353
725
241
800
118
378
429
847
68
387
212
151
436
64
678
283
849
770
882
624
137
513
179
820
468
953
660
198
945
864
929
333
420
45
682
246
356
365
321
307
409
505
465
748
149
514
217
774
852
640
799
254
338
385
964
885
86
552
227
892
927
770
460
435
733
275
747
278
848
51
426
705
743
500
739
555
624
270
388
743
84
873
431
232
172
868
580
144
876
515
887
919
288
142
774
142
853
247
555
984
784
356
94
134
696
863
749
358
351
384
267
632
823
168
56
68
331
757
327
883
34
802
717
822
49
735
70
611
845
812
950
350
791
709
351
800
632
743
121
118
126
47
607
141
930
367
190
528
826
343
482
631
849
585
394
700
444
372
217
996
750
401
773
405
585
296
352
468
239
259
819
307
131
938
317
877
735
627
505
765
446
726
283
369
886
972
637
797
316
236
16
702
523
942
832
71
779
142
739
625
896
92
883
935
748
497
973
837
449
871
34
611
289
662
703
164
15
703
663
825
160
626
505
877
410
387
217
388
48
746
629
913
198
539
545
558
356
282
150
599
83
909
12
431
567
779
471
876
441
278
29
172
583
285
450
187
160
273
468
294
641
94
518
983
166
787
816
673
138
578
396
150
818
16
164
827
906
468
686
977
363
850
26
669
364
164
888
248
526
327
109
964
563
523
699
107
99
754
959
661
621
93
518
828
235
84
240
260
22
815
125
185
443
991
136
624
129
188
145
600
881
616
905
400
628
604
719
319
486
20
913
334
144
981
75
804
729
344
572
875
124
815
846
156
804
523
601
208
54
188
512
994
459
31
492
607
690
638
485
493
81
36
148
693
770
432
924
14
138
918
143
345
825
601
389
667
468
627
889
17
191
171
38
754
618
426
268
247
977
536
289
956
615
583
564
974
300
963
141
80
557
218
747
490
50
326
610
311
997
435
697
412
892
515
314
844
776
185
486
621
511
891
219
291
808
989
160
76
758
915
164
313
712
956
391
243
594
445
160
163
790
45
909
247
660
205
421
640
76
383
982
167
289
539
559
104
773
902
282
590
628
994
38
805
657
433
279
59
688
367
139
426
156
773
531
701
442
662
422
306
438
780
885
615
793
528
590
628
220
828
716
151
855
62
837
653
600
78
264
770
149
415
908
742
621
558
834
450
232
361
676
897
150
657
803
317
731
829
218
984
560
959
137
700
607
40
164
870
581
823
432
615
345
952
740
720
328
902
384
629
269
630
558
25
821
142
986
166
808
918
72
838
80
665
560
540
183
228
530
356
576
783
743
524
482
582
754
280
788
832
976
320
248
85
947
839
844
879
27
838
900
530
431
677
620
680
947
268
146
982
473
653
112
671
247
552
304
10
63
358
208
904
600
621
612
353
219
434
902
327
504
485
681
895
308
944
319
415
356
689
415
500
851
69
481
632
108
840
756
569
428
870
148
148
449
536
690
373
314
944
739
561
619
787
340
175
236
730
876
674
460
652
767
343
360
417
619
347
774
817
460
203
978
123
547
978
388
195
897
787
49
372
591
829
116
865
467
227
516
290
824
587
523
594
813
721
162
645
540
772
636
579
458
140
541
502
140
570
506
777
40
292
849
988
145
490
103
487
797
722
149
464
803
407
876
182
148
959
715
952
760
318
739
839
910
897
885
53
263
31
18
431
903
89
643
247
480
818
705
444
533
236
222
95
877
844
563
484
57
886
967
349
604
298
664
938
507
638
264
139
88
525
676
720
30
174
350
935
700
786
557
596
100
679
266
43
586
854
164
846
600
894
32
759
927
506
848
312
853
224
94
568
23
269
814
71
354
929
497
432
491
757
513
477
94
662
124
410
637
677
911
322
282
697
767
53
271
479
970
766
816
556
16
55
11
501
624
578
630
416
332
888
802
972
151
863
88
890
735
215
299
453
124
559
473
607
602
323
617
118
768
911
742
70
854
30
810
835
304
618
889
137
603
162
538
185
441
523
834
211
450
248
45
211
531
85
469
772
548
600
167
76
287
451
361
728
917
971
804
20
178
805
540
88
392
730
132
614
539
668
682
492
837
618
352
174
578
564
159
792
511
771
508
67
422
589
125
440
416
798
439
126
711
447
153
874
713
486
856
224
913
341
105
855
751
402
89
728
169
37
757
181
94
95
266
575
836
98
508
990
741
510
307
416
701
279
172
37
74
197
806
359
43
732
738
960
794
286
18
719
795
508
506
34
60
506
660
185
276
309
289
967
687
374
647
522
184
885
207
216
293
224
407
25
60
237
541
352
110
880
201
247
580
175
240
399
723
698
320
48
737
311
193
145
441
409
351
989
133
547
80
604
337
711
89
610
948
963
209
643
556
118
424
581
214
236
243
247
273
303
87
498
588
678
771
179
41
475
595
438
464
754
111
267
345
927
511
933
721
984
621
634
273
187
742
477
434
583
870
826
821
942
40
184
110
640
958
857
773
119
994
407
204
34
714
35
999
270
636
715
214
796
352
426
420
244
213
644
225
654
545
165
653
884
201
689
800
764
613
792
133
840
561
668
767
28
243
928
877
479
470
160
566
960
747
114
892
585
543
954
592
228
249
523
837
603
98
112
98
237
786
108
714
574
983
157
312
377
456
509
922
883
757
435
434
894
994
439
143
657
612
271
712
287
945
397
19
862
917
287
369
230
619
34
742
604
117
71
911
533
413
269
51
644
170
814
135
521
137
458
121
489
175
831
815
739
307
247
555
708
861
367
268
33
422
926
212
598
791
735
404
971
34
508
414
730
471
652
920
877
229
774
434
674
536
75
885
783
576
890
555
262
684
917
373
706
382
578
958
746
438
768
23
593
529
118
540
52
960
259
536
694
480
147
428
717
446
900
718
62
86
635
683
21
394
639
463
201
989
185
874
458
152
300
207
684
879
930
29
171
690
255
88
790
247
268
213
553
755
848
567
718
891
304
32
406
656
666
259
517
981
84
365
323
585
368
403
492
29
658
322
444
794
830
521
148
104
273
316
646
967
297
140
280
740
121
736
786
918
726
484
988
175
332
366
647
589
950
609
735
569
753
423
568
356
121
691
653
421
984
752
21
577
641
957
577
81
396
714
749
208
71
413
125
817
298
929
832
181
952
899
895
500
534
948
927
295
30
454
69
286
837
642
920
657
744
321
425
193
427
744
812
635
700
659
805
79
541
345
595
109
886
484
380
595
406
974
660
80
876
807
152
229
443
865
613
92
969
297
417
125
998
691
521
175
144
355
896
766
737
148
217
678
954
152
580
242
220
147
604
694
35
878
202
823
137
635
947
915
591
654
444
979
544
683
798
330
732
84
293
222
239
250
915
478
560
256
920
812
456
637
12
227
88
539
448
363
933
381
932
532
728
260
282
553
489
290
512
569
322
616
528
199
843
502
94
330
783
299
868
119
468
691
530
491
574
189
282
699
695
286
354
943
861
521
404
558
717
224
203
314
96
228
859
63
135
931
46
161
756
21
837
854
14
191
641
798
230
707
481
311
582
345
562
954
319
680
421
129
215
201
166
593
699
880
673
424
822
477
127
478
801
548
749
316
668
202
180
948
498
809
179
445
987
510
153
402
201
277
628
631
759
673
73
618
758
57
888
388
666
623
517
811
907
685
948
543
497
113
278
213
301
769
504
821
69
865
84
727
878
333
310
370
230
829
977
342
479
888
578
614
288
794
404
54
814
686
84
153
770
369
696
184
990
135
930
693
430
940
495
528
465
550
139
19
54
525
499
147
144
317
821
92
978
536
678
115
213
313
377
889
131
753
450
339
637
369
410
219
733
77
641
806
260
790
226
289
791
733
478
240
268
573
53
12
220
305
442
434
324
476
361
395
35
272
150
322
686
420
317
369
146
95
532
602
572
454
745
787
73
305
540
91
119
562
688
396
184
490
642
39
805
850
846
236
369
952
887
710
276
778
109
878
278
890
519
144
85
817
923
684
38
90
722
975
524
330
244
547
391
23
951
996
117
757
175
556
149
708
483
642
541
741
373
68
326
51
715
923
550
913
75
408
855
938
178
433
617
419
889
618
721
919
804
817
346
670
740
454
969
697
832
40
958
980
771
770
585
227
395
660
807
377
548
845
645
397
921
135
384
434
641
370
980
412
620
363
970
29
441
433
218
924
341
348
272
733
48
344
942
808
22
666
273
44
444
624
408
737
698
67
982
342
464
262
820
151
111
623
197
144
473
265
946
937
655
650
440
924
735
461
732
577
989
935
142
928
575
241
912
410
727
306
208
406
340
990
72
111
71
871
895
181
549
193
876
965
172
35
507
329
233
149
594
610
826
828
622
322
304
421
706
425
842
552
658
992
429
233
397
332
197
259
817
904
876
925
749
201
316
645
389
449
45
125
54
381
496
389
399
196
678
787
183
17
650
930
662
92
153
563
550
831
551
396
748
728
472
507
837
74
391
308
495
656
158
336
234
54
631
392
338
190
391
645
828
658
841
94
751
318
327
468
256
840
983
276
662
215
557
244
881
62
238
433
812
235
973
995
368
907
158
330
392
39
626
583
217
349
81
82
708
20
646
683
401
722
423
22
318
746
798
119
812
550
105
158
808
666
395
543
250
534
53
983
988
843
253
757
808
14
848
657
267
829
520
869
55
117
585
712
11
450
770
735
623
331
579
933
279
493
269
427
803
263
804
490
269
343
563
769
628
796
965
17
662
963
402
846
29
423
384
830
482
242
13
64
95
490
896
487
375
511
349
61
691
77
661
660
513
895
299
689
357
77
978
317
164
397
216
608
911
112
827
201
886
850
692
884
509
859
123
460
864
916
802
412
175
75
206
90
322
972
833
748
479
178
41
743
616
631
154
813
193
983
859
754
810
870
847
604
485
884
242
432
298
39
875
335
715
210
588
259
666
897
340
920
280
373
755
747
619
702
211
512
788
49
151
839
13
170
736
770
289
132
861
177
796
277
367
91
525
791
11
972
249
385
676
896
300
722
821
322
114
741
267
971
367
100
441
257
500
363
707
188
179
411
140
356
641
320
550
576
897
925
614
98
304
416
145
570
41
725
231
733
943
234
593
951
818
905
813
654
44
800
208
294
454
337
472
83
34
570
120
663
386
603
663
882
875
602
607
898
744
74
464
200
456
836
272
709
151
454
825
873
50
775
666
797
731
595
40
456
117
73
403
51
828
616
940
947
489
647
880
17
360
634
657
194
363
80
133
524
206
448
453
324
273
465
134
383
930
893
640
911
439
305
511
378
103
163
869
309
332
780
739
508
203
87
189
424
339
149
611
541
563
203
501
841
422
178
387
213
497
385
151
780
719
746
778
235
675
587
716
552
735
248
655
826
586
471
983
679
984
949
304
557
537
650
982
501
740
44
717
42
937
342
626
505
161
526
187
322
909
187
293
261
78
675
781
467
972
737
822
956
508
337
269
304
738
251
718
979
714
951
519
873
677
723
161
202
847
259
381
242
514
207
356
877
685
438
214
315
434
686
663
159
468
792
443
912
541
965
802
230
178
64
662
131
995
227
715
505
204
880
657
671
182
607
811
943
622
959
340
958
937
521
38
365
18
989
677
401
205
644
618
300
553
15
511
20
382
82
93
444
15
445
876
256
762
164
453
780
172
570
529
602
886
798
608
860
72
366
341
566
586
753
128
931
421
419
885
968
686
771
126
565
351
702
276
854
686
807
777
659
242
527
471
959
534
25
546
465
46
856
101
921
892
507
456
779
316
364
529
157
114
385
976
393
393
182
713
701
202
733
809
140
890
402
929
927
339
238
849
114
752
417
241
505
466
852
625
929
870
362
973
859
399
388
361
666
192
145
823
223
10
930
650
410
326
940
106
325
960
358
689
401
935
117
530
114
800
736
905
636
455
157
915
996
233
832
80
196
441
884
205
404
508
437
710
828
605
609
832
635
491
395
332
117
945
802
242
453
198
186
74
713
130
739
484
545
85
54
76
120
525
459
989
608
816
250
316
749
810
754
665
656
793
251
856
645
655
313
442
550
822
658
824
611
643
782
273
773
128
288
364
128
995
67
350
62
342
299
731
20
705
351
490
710
82
580
868
358
178
833
239
409
169
11
847
851
758
985
732
254
396
922
393
929
154
732
62
652
275
625
124
91
750
470
820
980
551
683
647
719
860
491
248
709
86
26
86
369
481
849
914
739
531
551
109
819
633
322
541
746
83
184
677
578
304
358
454
743
799
478
988
565
390
169
234
177
410
568
979
946
205
898
941
813
696
170
764
639
585
737
949
827
802
277
374
872
168
841
739
794
833
860
701
609
263
123
528
136
91
793
670
981
410
482
843
128
732
397
387
449
759
356
115
710
935
320
911
421
548
565
557
650
802
198
475
216
712
562
12
339
17
202
615
816
630
918
751
389
196
347
228
278
150
97
517
696
998
53
911
986
583
141
181
869
641
39
212
654
354
345
920
122
720
902
523
719
447
55
345
356
234
579
650
708
167
120
115
524
820
47
291
54
54
276
896
777
105
628
35
726
890
845
817
64
823
914
508
342
388
784
660
113
15
741
703
525
257
404
198
745
715
198
674
52
141
381
493
466
560
801
511
51
557
676
298
439
386
939
620
934
814
721
447
733
249
613
616
51
208
698
788
25
103
248
402
757
521
917
651
902
624
796
634
847
765
236
402
436
265
716
690
48
474
854
436
934
289
711
971
554
93
290
325
325
934
129
353
438
488
817
167
793
215
729
550
327
666
586
897
797
936
30
616
386
277
993
667
132
598
147
326
709
868
314
481
833
673
514
302
974
65
314
822
722
208
887
37
352
298
441
800
369
169
228
58
916
855
300
598
211
626
473
850
234
942
727
93
407
890
21
414
155
278
249
239
867
721
921
730
811
295
972
824
136
63
555
168
315
633
591
305
628
788
173
572
713
440
222
595
869
597
76
33
615
312
714
29
300
100
750
395
100
767
12
321
19
696
773
247
635
171
324
132
535
239
533
632
467
548
920
109
577
698
964
373
189
396
484
882
899
725
50
16
797
214
666
746
37
69
491
567
991
47
61
161
882
36
883
166
351
171
846
141
62
60
33
959
172
104
983
386
419
805
606
806
546
834
788
448
725
291
300
638
871
665
619
761
633
640
991
246
222
429
560
898
376
443
525
597
83
445
85
807
404
858
478
37
226
212
414
462
239
913
659
414
518
957
410
843
181
267
346
636
922
299
270
187
36
294
448
648
737
655
53
85
729
548
887
130
934
889
688
40
590
590
95
834
253
163
788
720
327
975
915
33
371
613
796
521
217
137
221
577
305
32
185
169
173
417
968
455
95
510
410
933
29
95
43
648
348
115
828
875
718
297
727
765
789
368
404
619
348
76
122
185
594
744
969
517
439
401
984
629
594
106
502
976
576
354
319
277
410
406
782
588
758
146
546
276
797
509
393
361
379
947
854
558
557
622
907
717
352
15
333
80
614
659
570
657
413
608
43
564
781
16
77
293
767
172
125
645
329
536
865
270
70
724
897
663
854
874
526
556
808
539
140
726
698
600
602
109
150
208
963
534
802
27
249
946
510
33
572
809
865
225
931
303
567
667
187
346
117
992
776
475
833
211
842
590
134
99
561
220
209
807
568
300
188
785
900
923
18
704
461
717
995
512
558
615
683
750
357
647
988
374
465
463
796
777
145
587
156
603
409
775
984
624
126
69
476
375
632
905
822
500
157
174
594
127
828
908
709
751
256
99
353
476
932
724
905
821
709
694
24
688
428
997
482
321
665
127
287
657
794
412
930
352
285
730
161
853
538
777
528
20
861
900
685
601
906
301
435
728
820
190
83
80
196
152
754
310
684
746
429
904
100
988
994
506
429
659
89
582
707
392
942
616
55
414
485
232
866
116
497
21
928
887
249
570
404
488
445
594
575
731
218
817
345
26
134
220
940
521
678
210
387
673
686
288
172
911
58
536
31
983
257
397
889
135
843
610
359
356
119
819
585
958
940
90
912
656
474
276
19
107
891
645
652
809
335
43
468
173
764
180
757
284
183
65
799
710
805
591
202
426
297
530
831
594
124
999
321
205
17
737
696
220
793
950
27
877
574
756
422
257
316
283
396
72
801
521
823
759
742
139
622
19
20
590
95
963
398
251
629
312
651
619
547
463
797
798
722
649
71
108
940
921
555
942
852
451
510
868
366
387
241
557
496
696
343
316
262
161
53
639
35
263
521
194
153
985
887
931
989
830
567
107
726
168
538
720
935
530
327
916
877
766
719
987
149
40
478
709
911
50
338
604
404
466
971
152
376
798
362
907
370
850
24
434
539
825
359
859
290
807
967
279
698
460
99
827
516
601
163
206
629
414
224
164
894
781
427
793
689
405
55
913
97
88
212
22
865
128
392
724
342
818
273
467
814
88
593
394
860
443
327
221
694
722
179
43
938
672
171
175
323
284
54
915
555
983
361
825
876
141
744
597
612
654
600
982
44
422
792
775
745
833
908
61
723
23
681
111
214
695
157
50
979
818
590
76
74
451
963
609
828
163
602
765
834
861
608
837
52
636
196
74
822
388
522
210
513
920
487
613
898
115
259
890
730
626
248
285
958
381
899
336
418
71
884
30
191
677
351
101
784
288
243
641
601
953
108
169
293
607
402
143
561
57
744
354
632
957
476
987
277
85
597
845
521
333
371
709
807
468
496
895
506
422
503
964
756
683
323
421
927
888
169
616
798
433
682
518
994
249
371
769
196
734
536
177
637
439
177
680
312
176
179
987
967
118
439
999
713
320
159
900
906
345
598
983
258
477
297
672
785
678
999
927
781
773
437
483
997
923
654
443
53
27
939
207
713
995
928
237
765
155
849
653
631
583
271
472
878
698
625
101
89
974
568
382
102
249
54
214
147
304
501
830
797
821
388
744
568
555
463
769
251
928
307
284
414
736
32
606
330
463
465
947
677
512
95
737
779
804
921
594
468
507
737
690
112
284
835
177
447
483
157
307
256
233
76
387
84
644
711
163
649
89
263
230
666
299
240
947
454
910
55
158
469
65
585
748
554
598
241
285
16
583
354
872
244
370
80
39
732
25
635
712
34
80
842
148
254
594
760
699
549
261
963
531
112
729
649
590
362
812
566
904
346
778
464
749
913
953
51
680
616
406
505
896
284
869
40
757
685
881
590
229
47
962
859
664
333
285
348
453
622
927
300
705
985
632
391
753
108
692
301
767
579
541
486
593
903
645
750
345
480
227
846
804
103
658
118
360
13
905
790
596
840
712
341
361
640
929
997
201
529
644
498
912
468
390
520
141
430
372
264
836
616
488
373
459
242
518
390
326
444
154
572
290
278
302
472
542
950
581
262
121
64
187
931
67
457
160
480
250
42
667
957
938
767
401
367
541
589
285
844
669
396
463
215
54
13
51
430
330
898
853
333
349
276
951
450
585
638
991
858
375
35
957
998
520
593
628
74
877
285
48
568
216
793
801
595
513
898
512
333
45
505
824
190
546
235
892
129
748
736
559
363
462
668
162
136
827
378
605
660
716
479
149
94
965
455
452
199
712
373
406
519
28
486
66
213
52
648
166
864
260
728
645
42
987
669
830
716
680
501
334
530
773
524
687
233
271
478
677
485
532
568
30
266
906
797
428
603
310
235
676
280
536
812
379
610
20
884
766
644
929
59
648
486
772
357
347
862
69
522
542
481
845
788
661
531
385
743
448
279
387
745
750
87
295
418
660
210
997
646
450
398
650
297
463
135
934
272
72
137
861
793
169
395
958
551
98
767
781
215
418
998
656
590
161
828
206
275
160
888
567
243
722
256
698
736
883
925
406
846
901
196
375
982
709
441
661
57
910
941
669
692
134
409
945
870
892
130
391
88
649
126
604
497
829
528
341
29
569
442
856
819
967
941
279
287
249
621
939
876
789
870
519
259
571
900
360
986
102
400
364
613
287
792
363
64
325
756
578
150
898
270
350
199
256
950
653
669
281
599
745
339
133
258
560
792
860
780
438
844
962
918
519
706
947
32
634
577
85
467
24
844
642
327
552
365
359
274
398
223
291
578
309
671
138
751
650
683
651
99
758
41
311
411
892
720
120
49
200
756
195
512
46
899
140
240
30
703
532
124
956
823
898
814
180
528
252
729
813
465
906
186
237
673
16
147
412
945
305
451
803
372
523
392
574
423
664
976
972
505
109
580
329
486
454
374
24
620
378
572
325
78
948
445
254
452
517
176
996
838
292
945
103
181
82
308
586
330
761
772
401
125
359
833
840
582
565
615
489
878
821
324
293
530
765
223
363
962
614
607
576
976
539
67
466
656
66
933
642
259
943
573
196
36
738
124
815
378
913
419
263
980
825
123
982
247
390
402
147
301
815
767
538
826
701
870
269
353
832
310
648
136
165
151
975
490
35
903
151
997
171
296
700
701
463
668
317
216
983
898
362
985
338
78
498
922
359
795
595
872
274
910
411
293
734
103
510
228
898
551
773
260
937
364
108
121
637
656
855
864
777
747
880
426
944
78
140
93
283
462
967
765
380
51
110
618
602
99
47
619
84
450
282
845
659
895
299
88
769
888
42
894
482
472
626
587
480
132
734
356
297
213
47
478
647
723
422
854
674
349
523
455
654
839
191
278
22
49
461
531
224
365
223
410
224
410
515
737
410
842
519
570
574
611
491
986
339
942
389
390
906
974
392
808
476
935
656
955
385
784
266
18
806
974
461
801
544
341
113
672
210
418
943
26
139
641
490
901
380
110
838
674
967
150
633
53
61
525
953
642
207
300
752
807
340
137
504
388
707
260
540
386
14
420
507
731
532
62
281
271
322
860
361
393
324
403
786
592
432
909
352
886
486
344
676
302
704
502
187
372
615
376
280
672
280
732
426
390
364
567
601
45
393
254
897
630
118
16
388
362
214
436
305
556
235
748
198
931
868
37
778
756
835
835
663
258
870
154
427
884
608
927
859
565
328
458
911
544
809
911
536
880
460
620
245
405
807
287
445
304
538
522
651
138
804
817
412
864
751
600
703
982
232
917
303
786
951
728
666
212
953
92
569
99
393
707
135
740
439
647
783
825
658
298
515
463
665
892
205
158
997
408
642
425
349
932
29
177
780
554
610
116
883
422
251
875
355
324
522
362
705
866
905
658
782
377
691
880
834
920
547
344
981
488
159
458
824
71
272
185
66
237
528
136
160
575
700
921
731
771
589
493
987
149
275
655
56
543
668
57
737
80
583
330
29
689
419
174
126
619
475
934
370
978
232
96
579
514
652
104
67
324
320
827
561
672
339
81
491
323
803
114
401
407
729
680
935
370
119
165
511
307
36
311
220
535
613
515
290
826
732
241
320
88
291
492
945
74
893
208
772
319
340
58
291
328
81
189
47
947
200
807
296
752
399
533
957
799
845
782
655
249
100
209
306
384
506
257
663
128
592
524
328
101
883
740
660
362
462
892
342
948
840
962
177
655
518
641
745
324
303
959
563
65
951
835
888
124
598
204
218
992
708
501
969
702
833
20
216
700
798
200
997
836
860
857
921
305
242
845
146
334
556
379
36
766
917
834
284
329
206
866
264
687
552
395
388
770
282
597
60
109
166
251
122
955
724
958
534
459
907
613
906
143
815
258
970
718
912
417
24
355
511
43
427
454
551
773
808
633
681
568
19
328
95
211
347
99
353
854
726
598
817
430
639
596
287
201
333
465
889
538
119
913
446
798
920
945
878
904
917
173
699
167
356
129
803
879
31
261
435
995
391
614
122
668
663
806
276
575
114
415
755
465
733
477
795
120
325
635
57
577
282
166
85
202
427
941
51
613
490
106
753
325
629
127
341
485
730
500
427
367
949
709
144
280
470
467
205
295
521
16
331
929
77
277
184
208
517
81
740
126
770
686
573
243
778
184
395
95
990
920
291
890
270
395
793
416
87
519
614
884
866
553
869
587
511
313
648
988
883
272
839
251
876
260
31
765
39
954
908
87
34
987
925
550
983
339
327
568
139
243
19
72
704
185
941
549
855
824
641
459
32
505
560
175
861
704
44
215
722
399
916
791
523
694
315
528
816
226
668
298
661
473
197
51
98
515
850
301
29
925
751
415
477
150
480
652
887
117
981
725
474
745
186
109
318
811
167
187
523
149
623
469
262
38
454
623
706
473
373
45
123
983
467
526
196
757
510
355
540
89
582
594
862
563
187
293
502
777
335
847
422
21
990
446
95
17
96
712
601
128
508
766
401
654
180
500
440
134
410
406
858
207
101
443
663
423
421
760
616
608
793
950
160
200
732
253
342
563
526
574
286
704
708
218
437
666
468
166
615
958
137
805
124
694
788
134
902
420
73
764
488
279
75
779
482
964
618
114
943
235
291
905
785
212
944
829
451
713
548
840
332
575
710
405
533
444
239
130
906
487
84
393
512
755
149
102
578
294
906
633
948
421
614
572
260
897
731
570
479
467
922
511
816
84
711
822
997
775
806
388
307
331
136
779
329
265
898
976
875
500
661
807
297
518
572
696
225
561
979
925
732
177
839
495
40
281
657
898
114
991
688
685
355
564
191
728
752
62
289
73
123
520
782
565
717
463
868
173
392
338
216
752
147
816
45
868
321
519
108
864
172
637
166
776
877
687
523
658
576
158
914
118
812
327
292
804
617
73
962
383
830
692
181
758
376
149
568
517
162
603
465
398
33
972
507
381
361
383
572
175
111
198
209
250
977
87
297
216
968
304
988
717
134
80
103
702
965
477
247
590
913
918
428
474
334
245
459
940
145
382
346
111
882
535
453
153
653
185
61
223
778
488
844
604
692
59
998
478
955
520
969
726
200
99
531
896
466
583
752
250
971
501
826
823
455
554
522
769
217
319
680
641
304
839
837
936
635
503
142
108
543
78
947
626
705
287
359
20
657
396
877
445
543
140
786
634
716
872
719
524
308
285
817
368
804
339
519
248
732
393
874
489
448
988
809
971
770
392
576
51
204
597
229
195
258
222
153
271
849
962
930
143
692
818
238
876
481
194
717
190
754
270
671
362
97
303
646
927
959
691
292
212
63
64
311
585
902
327
676
112
128
541
286
675
122
393
493
817
699
393
422
890
268
952
890
50
257
90
44
164
819
369
320
849
890
391
756
829
580
23
995
304
520
465
329
814
58
732
722
510
265
399
233
332
10
912
843
639
241
409
732
374
155
198
233
480
214
18
306
100
992
109
63
814
866
23
543
427
398
40
448
556
365
211
923
513
364
359
904
577
631
964
867
20
674
562
616
769
141
189
709
254
405
631
723
450
472
862
579
164
252
689
100
419
183
439
930
668
586
998
757
246
147
772
589
621
964
435
871
266
295
211
888
103
796
276
198
868
524
388
376
621
645
882
642
442
285
352
590
42
337
704
223
742
239
35
586
849
369
745
163
441
594
386
733
546
252
616
320
306
864
486
913
503
302
974
680
640
748
839
961
748
755
73
322
369
872
845
888
214
385
594
458
59
845
261
719
119
732
604
960
377
31
772
748
813
749
728
990
607
859
908
431
708
806
202
350
374
895
211
305
121
131
313
602
805
23
435
304
250
798
961
381
920
699
264
200
740
295
542
822
66
951
557
351
297
439
44
742
181
980
709
879
793
362
695
628
571
892
62
111
329
529
404
408
250
750
566
988
393
973
256
85
711
279
46
579
479
386
664
314
589
523
207
952
435
252
26
832
477
104
725
670
23
120
479
129
84
284
211
347
210
551
244
805
61
55
499
474
373
948
625
332
192
300
233
357
881
609
208
692
454
234
445
484
687
773
408
41
943
150
847
835
276
839
287
984
542
692
497
269
851
321
412
993
308
51
749
401
519
261
923
368
92
705
252
297
477
552
88
10
553
171
612
948
665
813
976
238
756
481
474
748
202
871
282
312
875
951
346
264
356
356
798
127
426
997
904
783
934
300
961
525
564
362
14
997
303
105
872
135
288
579
138
729
66
304
398
291
256
490
381
392
124
567
466
916
193
19
295
72
282
922
867
868
95
826
442
146
434
219
125
410
674
201
310
300
957
157
272
371
656
546
774
764
827
717
954
128
857
425
903
200
128
662
664
518
299
746
897
428
437
504
395
123
40
594
361
301
652
272
956
144
95
156
891
964
974
635
529
603
438
741
45
973
443
336
542
824
428
935
559
348
746
171
456
381
528
118
264
641
34
894
564
701
268
760
703
681
508
340
950
146
451
396
261
922
75
34
122
876
596
752
610
385
88
812
974
962
502
186
291
924
855
724
200
268
815
749
566
779
574
896
639
754
443
230
222
868
798
161
753
269
349
219
895
507
870
572
299
185
163
173
622
285
581
896
764
232
48
39
423
302
700
525
626
234
390
590
793
515
488
466
321
936
790
841
75
36
282
417
686
906
874
197
177
951
95
131
682
367
732
585
469
843
327
101
113
540
143
319
273
852
792
924
861
225
927
211
104
911
315
844
377
308
687
759
529
262
661
803
399
752
611
166
718
167
171
11
264
718
709
365
179
567
520
656
362
510
74
819
461
125
506
888
267
779
501
64
552
825
658
492
320
767
855
397
407
490
201
309
571
204
503
979
650
120
223
70
189
166
118
150
681
279
740
381
572
139
58
870
58
841
63
191
330
827
427
144
129
401
524
150
525
145
950
136
285
886
810
435
149
590
259
619
243
781
819
720
182
947
949
422
677
530
456
85
361
963
376
246
102
472
564
546
678
825
165
785
309
573
889
752
398
950
454
681
899
442
328
58
354
755
731
638
610
507
480
505
126
594
66
76
18
132
847
205
524
920
75
562
184
184
115
317
649
408
254
34
933
925
759
515
857
838
35
513
988
619
798
396
840
399
902
173
720
599
45
243
369
854
425
879
27
413
383
108
593
268
219
555
200
520
33
294
32
350
548
618
287
218
728
329
763
352
110
241
913
868
941
160
933
811
657
333
806
826
345
555
943
345
180
446
498
460
314
559
161
881
135
860
668
564
393
937
180
769
65
61
552
836
607
161
36
898
196
331
710
525
113
15
757
59
100
883
90
336
886
566
96
875
183
189
863
458
565
953
888
213
258
655
879
28
397
656
125
220
834
702
624
186
850
344
887
193
424
243
547
394
246
47
60
775
528
553
80
395
911
749
166
493
518
966
178
927
120
326
628
57
307
318
724
837
962
414
233
382
53
267
311
589
854
253
640
696
274
429
475
716
977
305
366
713
568
331
355
257
526
418
139
44
974
448
732
926
389
60
444
151
794
510
515
116
583
78
613
102
852
754
512
878
549
275
72
992
586
874
854
914
396
279
700
518
468
718
12
850
268
468
256
47
332
54
871
847
681
195
806
617
67
767
400
252
696
907
947
992
490
209
455
793
941
914
379
417
224
15
483
590
479
969
81
273
994
847
801
985
727
982
934
302
846
974
973
722
125
508
793
602
222
68
485
678
918
44
432
729
419
349
810
561
918
492
732
803
587
888
549
115
97
100
420
937
146
305
507
673
706
399
72
981
654
627
727
125
787
39
624
583
12
511
437
373
269
711
18
633
170
216
349
619
279
128
710
374
475
266
374
81
687
598
271
539
51
333
158
765
560
648
721
643
313
823
330
775
361
53
111
635
789
345
350
931
43
615
336
748
704
811
920
390
498
79
54
24
650
410
879
34
254
698
990
870
456
203
629
170
697
163
250
398
525
236
723
112
306
581
619
197
802
137
413
935
709
461
41
443
885
177
59
621
453
332
308
510
208
395
101
149
67
738
296
987
335
669
413
906
709
408
220
623
134
914
321
464
788
670
649
999
27
463
735
569
279
801
400
700
66
967
666
344
479
435
573
233
343
379
393
479
913
676
818
103
174
489
785
355
346
23
214
109
785
262
361
981
703
823
737
535
423
177
361
887
721
347
525
201
46
346
847
249
643
392
478
24
348
987
100
469
178
849
931
75
40
356
219
772
121
300
84
751
723
512
618
385
863
68
883
817
271
668
997
530
865
684
396
347
556
420
448
186
431
80
478
634
112
942
680
712
636
584
476
129
242
342
90
581
689
647
777
116
74
645
496
331
149
797
747
564
923
282
966
488
719
321
771
920
610
379
24
158
841
57
139
391
500
571
174
430
950
357
749
730
534
38
818
806
84
720
60
43
884
683
354
606
229
883
597
593
532
660
33
206
704
326
363
29
358
72
551
599
20
413
629
109
157
735
995
240
830
231
119
376
544
618
742
517
467
386
768
954
40
831
760
608
822
721
576
418
963
578
724
703
200
972
272
784
931
922
60
274
886
162
614
880
437
280
416
915
590
909
444
145
259
712
342
434
268
684
270
467
551
249
542
172
625
793
284
243
647
283
333
454
816
461
306
859
529
639
191
278
868
698
476
720
986
578
143
923
860
480
187
124
719
219
264
263
880
738
207
204
601
535
676
445
832
162
640
79
648
671
89
766
803
319
628
925
740
574
318
886
483
120
506
262
444
773
459
272
948
917
919
721
17
432
622
516
240
121
398
797
850
226
256
791
827
838
411
862
312
483
883
447
138
620
607
84
734
721
969
903
956
210
350
968
374
894
816
189
712
913
390
130
407
199
926
117
82
477
305
864
105
906
113
575
452
879
606
371
143
692
281
55
517
831
518
808
61
304
925
973
844
43
780
253
543
624
510
898
208
142
293
363
667
231
467
327
964
190
166
413
725
918
653
255
188
682
362
662
835
519
619
520
175
21
384
602
868
444
321
750
580
943
148
424
911
243
692
994
476
818
15
788
985
68
148
656
529
737
852
397
381
706
703
953
607
468
742
939
624
819
64
27
270
447
607
927
214
675
936
723
117
728
417
406
723
612
924
812
601
221
490
766
557
539
181
158
514
369
478
381
274
824
834
560
171
424
691
277
520
535
742
783
949
166
164
985
597
337
762
915
612
951
20
343
972
390
678
302
967
775
798
52
124
102
77
419
771
322
346
736
917
190
880
982
995
629
128
321
337
269
394
330
985
618
343
300
866
589
505
567
288
289
368
963
975
76
474
643
180
747
498
76
971
44
671
631
567
479
913
104
91
414
392
864
669
249
819
273
825
829
195
276
725
634
654
381
92
314
518
32
518
783
542
439
413
723
834
633
676
15
242
952
297
485
496
603
16
168
509
308
621
503
229
438
301
169
725
416
693
484
20
103
369
728
694
11
370
550
263
74
685
326
713
412
554
318
411
500
674
439
169
622
779
909
424
275
136
744
55
931
913
473
509
447
551
84
432
972
331
264
